3.11794
26.6238
1.99878
3.62596
56.9628
3.03179
5.894
3.54698
6.71933
5.40809
0.857857
1.47318
13.0709
17.4432
4.24061
2.43589
4.55554
2.37372
4.33989
3.22929
5.55905
1.47335
6.24971
1.62786
3.80815
1.59168
20.6963
6.37838
4.38808
1.26106
14.2251
2.41591
141.393
12.0181
1.66343
3.71539
16.9736
20.2762
4.16229
9.93525
6.84161
7.25238
13.3734
10.5586
1.7629
9.62734
2.24592
5.37951
2.24461
4.14009
7.40583
1.97588
10.7164
7.10551
5.95027
11.7243
1.69284
3.38078
4.391
2.14848
13.5409
3.45792
2.77293
10.3104
1.82862
5.10143
6.32642
2.32912
20.4165
2.35086
3.27037
1.33716
2.78724
3.97549
11.4397
4.905
3.38233
4.77781
17.3732
3.58696
4.4669
2.79615
1.38484
2.68157
1.34257
174.073
1.75453
4.20135
20.2911
2.97486
2.23421
5.68029
6.58471
45.451
5.94267
1.61937
0.965074
10.5934
1.84763
3.44304
23.0582
1.43383
4.86064
4.16691
2.32186
270.233
2.14967
21.1841
36.1496
16.3486
9.34033
1.06831
4.75329
11.7167
14.2762
2.13882
5.67197
8.85965
3.84137
4.63484
36.2263
2.3876
11.2058
3.70681
61.0209
1.86855
4.04023
4.34452
17.3066
5.26541
9.4048
3.06845
136.128
274.655
1.42782
5.2696
16.1375
2.79314
5.43258
2.06475
2.90613
7.95238
4.00417
6.36817
8.28846
26.8245
2.8128
10.4664
2.74728
1.94376
1.5672
3.78458
3.5047
10.8787
5.94032
1.42052
4.67722
15.0899
13.2915
1.96938
2.35544
5.84496
6.50402
3.76223
5.10516
8.82647
3.58948
4.08587
3.33631
6.1565
13.0296
16.6517
1.14033
68.256
17.3305
4.87502
2.25963
5.35656
4.185
1.76726
6.77391
2.0108
27.9272
10.2981
4.76366
2.33658
103.142
24.791
6.41967
1.16743
1.69367
1.97985
1.20327
5.55306
6.6576
3.52071
4.82544
11.8658
6.04521
3.01982
3.62961
5.21702
2.15013
1.07789
2.68287
4.04874
5.78732
8.73976
4.01132
12.3908
38.8715
7.42896
2.55963
19.7414
8.97982
7.62505
3.07653
1.09535
3.26917
16.8357
3.1815
20.9286
7.51221
34.2661
2.85268
5.42167
57.0223
3.23557
11.6854
10.8414
2.77988
2.07779
3.14316
4.97365
3.26475
2.32651
5.70668
4.80822
3.36282
1.48723
6.84173
3.58128
13.4527
1.76921
10.8172
3.967
4.78388
3.05583
9.39071
6.58091
28.8308
4.47844
12.9331
17.2759
18.2908
1.69185
6.42335
5.16455
1.47311
3.41088
56.6054
8.54211
1.64928
4.85193
2.64819
1.05836
7.03933
2.4062
13.6395
17.8579
11.6364
1.79586
4.83646
8.99115
13.6766
3.28672
13.2107
3.10846
1.77735
13.9977
2.72767
4.92742
4.34958
3.35193
8.77044
6.04966
25.0352
15.0519
3.02707
1.68012
14.8376
5.36662
7.80452
8.91949
147.612
2.12623
22.3311
4.17226
3.27278
2.25969
5.29681
4.63912
5.97547
3.20665
7.23474
12.2741
2.57705
49.4284
9.29029
5.77245
5.98611
3.97221
2.30457
1.62017
4.93518
1.66344
6.73194
1.39851
8.34581
1.68241
10.0098
17.1921
3.73821
3.78492
3.47808
3.37249
3.36799
3.92372
3.25111
1.84695
3.6988
14.4025
4.41087
57.3922
41.1369
1.48005
11.6643
5.75293
2.01505
1.78246
4.64069
20.7902
2.47118
6.38453
43.1042
63.8191
20.975
2.13002
1.34559
4.58126
1.73542
3.51684
5.90631
28.907
4.81502
72.8878
1.62882
4.61115
4.01572
2.54454
5.53555
2.9355
7.98499
3.85895
4.98594
5.2295
3.66514
9.59833
6.2217
4.85721
1.54749
5.88408
4.74224
4.84519
6.17671
2.00418
2.51059
12.1874
4.13793
9.44531
12.8775
6.98068
2.17365
11.0419
3.96467
5.50021
23.6348
4.71861
8.25061
6.5367
2.70845
4.32919
21.4765
1.62724
2.92765
9.34872
2.49297
1.91073
4.60049
4.36111
4.2345
2.09156
1.82148
1.67106
13.1883
8.68901
6.58789
7.56305
4.14345
13.5368
6.31814
2.10366
4.97294
2.22523
1.04992
3.34883
3.32908
3.4976
3.8349
2.1118
5.7078
4.90581
1.1866
1.72122
4.97757
4.89552
11.8337
6.12623
3.90602
5.84956
5.47839
16.4372
3.052
12.7958
2.22166
3.05891
2.62215
4.54667
16.5319
1.69185
1.60405
1.33107
12.9612
9.4126
49.212
4.11714
2.25995
1.68519
3.12104
1.91325
3.96791
17.798
1.76077
2.56369
1.94365
16.3985
31.8033
2.43171
5.90426
2.0863
7.10783
12.4782
1.62013
4.01584
25.0026
1782.89
4.99487
4.40145
2.57476
118.914
6.31929
6.53446
9.23287
3.21072
35.7261
10.7905
2.65277
6.23089
3.90796
2.25247
6.07522
0.956619
4.3703
4.66629
2.89362
2.2621
5.50442
15.6826
4.30059
28.5728
9.25979
3.62435
2.75456
1.57568
5.28388
4.33118
7.29155
7.45819
27.4588
4.83678
4.22479
5.19549
4.97873
1.56971
2.1806
5.0601
13.9814
3.11509
25.5463
2.97392
5.39394
1.54169
4.10244
2.39835
2.20631
8.93113
4.39841
7.32513
5.08473
3.87884
6.93056
18.08
12.3143
13.9073
2.36021
8.29822
5.73774
0.933495
2.37495
3.8292
97.6277
3.04931
3.55086
3.20018
22.8109
2.27112
4.37043
12.5219
3.95674
2.44226
5.43682
8.72166
22.2082
22.7195
2.4585
3.29169
8.81448
15.7963
1.82268
9.05352
3.0828
18.2374
222.699
4.77233
4.03991
5.12519
112.04
6.19161
14.4162
7.49391
3.14333
7.17898
95.0279
1.40382
1.72225
4.07471
2.88669
1.21268
2.40549
1.75491
3.61854
4.80096
2.07423
1.6973
2.82824
2.03366
2.23153
6.82742
11.778
4.80162
5.88496
17.7622
11.47
4.3759
3.35383
7.57725
1.03562
17.4815
5.98983
7.38786
19.852
3.59487
3.28419
10.3988
5.36943
6.50197
17.0923
5.34416
11.4817
2.99122
5.28979
2.91179
10.8316
3.78986
3.58345
1.06017
5.43269
51.6906
3.05306
8.10728
6.71968
1.98327
4.29164
3.83361
3.77805
2.9049
106.688
8.96656
13.5605
2.03491
3.03094
3.19114
9.10186
13.7121
44.01
11.5694
1.77209
13.2928
3.19811
5.27015
2.9795
2.25093
5.3112
6.70473
4.86179
3.91258
6.22767
6.4335
37.854
4.58745
235.561
13.5218
1.76152
49.724
7.01333
3.47717
17.1011
2.60155
1.4341
2.35667
531.478
5.63424
13.6276
10.3486
2.37519
5.4819
4.01241
16.4509
14.0843
1.35095
5.82914
1.16185
2.94703
1.50126
28.05
14.7973
58.9063
4.86199
6.83722
4.46095
29.7793
1.7652
17.341
8.02145
2.26159
6.05284
2.05033
2.46325
2.70862
9.71251
236.414
2.64781
1.54004
10.2115
14.1778
2.41261
7.32052
2.67367
4.32118
1.69194
2.16285
5.59997
3.82875
3.2831
2.19383
14.6583
2.43684
2.76329
1.44084
1.71983
3.44978
2.49082
15.6003
1.6091
2.16627
26.8981
1.53363
11.9487
13.4726
6.74379
1.31821
11.7692
6.94608
5.77334
7.82443
1.3827
88.5922
8.8705
8.25083
6.56288
2.31992
2.16383
55.7319
3.21439
17.816
3.0346
3.15063
2.0289
3.8838
5.454
5.37523
6.6479
10.5896
1.21995
2.84054
1.97474
14.2205
6.30581
2.60609
3.35965
2.75006
1.41358
2.80029
1.40131
5.96331
64.6395
1.31024
25.3799
4.13347
3.99337
35.8376
8.4552
21.2865
1.83878
41.3604
1.8043
7.08784
3.83779
0.982811
4.43447
1.6971
7.53508
1.31805
8.73022
5.80014
10.0363
17.9812
6.43904
3.88502
3.84908
1.48537
3.0345
1.63849
7.28236
1.71692
6.32548
6.38337
2.45017
5.17363
128.08
4.99424
2.22203
12.3078
10.4952
3.75287
166.559
5.32021
3.01165
4.63745
671.771
22.4849
11.4748
4.28042
7.38376
1.79569
3.98929
3.87533
2.62108
5.11181
10.1401
3.36305
15.6551
1.34696
12.679
3.84556
3.67309
6.78946
2.63899
7.91044
3.03133
6.79262
2.02917
12.7966
3.8997
3.2857
1.23489
3.70766
6.91265
9.37746
18.9512
6.25714
4.38352
4.47188
4.47852
2.80551
2.48484
3.53886
4.29967
2.34151
9.78138
7.9368
4.39605
3.34523
5.12212
4.98128
5.2609
1.98763
4.5868
1.52825
3.53484
3.16117
15.4212
7.45422
11.496
5.58941
3.3742
1.24621
4.05565
7.48743
4.38029
4.49724
4.04072
2.38323
1.39335
4.43273
14.2271
3.65984
5.40581
10.437
1.38856
7.39065
25.8253
27.6307
4.44836
7.46802
3.22317
7.76166
10.918
7.80649
6.53995
1.58989
1.63587
3.83373
2.68645
1.76799
13.4812
67.3166
2.67459
4.16707
1.94455
9.34269
4.74715
3.88575
1.9787
9.45289
2.0586
36.2478
129.737
2.501
2.5093
2.34219
65.9007
2.74693
79.4939
6.30714
2.62325
3.09337
58.2917
3.19839
6.12418
1.28536
1.83211
14.6893
19.2555
3.11547
9.88433
9.32652
10.0745
5.34765
1.5826
9.88422
6.20802
4.04913
14.7646
2.15396
5.5503
46.9757
1.96368
3.79734
15.0462
4.89108
4.46372
6.94036
12.6979
8.36302
10.5199
1.50966
8.59438
2.92604
200.78
1.50067
4.28566
4.6802
5.71279
4.43442
10.8497
3.31832
7.30074
194.123
2.93208
1.18078
3.16594
3.02441
7.80509
6.41229
3.82566
1.33832
4.34052
4.96946
1.83884
2.20591
3.12389
1.75735
3.4134
4.7723
3.60187
33.0388
4.47971
1.46438
631.067
5.27418
16.5544
20.386
18.8843
3.23469
1.85693
2.29756
2.97668
4.67441
5.38209
6.39245
113.208
1.66233
4.20339
2.15971
8.24326
9.03281
2.80979
10.1979
1.42293
15.5556
7.62457
16.6221
3.72425
3.87151
36.287
3.42167
3.20249
3.95057
6.61948
84.432
2.11948
3.50247
6.88782
10.4855
27.8756
4.13143
7.72647
5.72463
37.7037
